4294967294,0
4294967278,38
4294967278,37
4294967279,32
4294967279,31
4294967279,30
4294967279,29
4294967279,28
4294967279,27
4294967279,26
4294967279,25
4294967279,23
4294967279,20
4294967279,19
4294967279,18
4294967279,17
4294967279,15
4294967279,13
4294967279,12
4294967294,93
4294967294,95
4294967279,135
4294967294,423
4294967294,50
4294967294,469
4294967294,30
4294967294,61
4294967294,92
4294967294,88
4294967294,17
4294967294,39
4294967294,42
4294967294,99
4294967294,76
4294967294,41
4294967294,1417
4294967294,43
4294967294,416
4294967294,51
4294967294,52
4294967294,471
4294967294,25
4294967294,1018
4294967294,26
4294967294,22
4294967279,271
4294967294,6
4294967279,283
4294967294,46
4294967294,1097
4294967294,82
4294967294,1415
4294967294,83
4294967294,81
4294967294,67
4294967294,11
4294967294,18
4294967294,127
4294967294,14
4294967294,126
4294967294,20
4294967294,13
4294967294,12
4294967294,68
4294967278,132
4294967278,131
4294967278,130
4294967278,129
4294967278,128
4294967278,127
4294967278,126
4294967278,125
4294967278,124
4294967278,123
4294967278,122
4294967278,121
4294967278,120
4294967278,119
4294967278,245
4294967278,118
4294967278,117
4294967278,116
4294967278,115
4294967278,114
4294967278,113
4294967278,112
4294967278,111
4294967278,231
4294967278,110
4294967278,229
4294967278,109
4294967278,108
4294967278,107
4294967278,106
4294967278,105
4294967278,219
4294967278,104
4294967278,103
4294967278,102
4294967278,101
4294967278,100
4294967278,99
4294967278,98
4294967278,97
4294967278,96
4294967278,95
4294967278,94
4294967278,93
4294967278,92
4294967278,91
4294967278,90
4294967278,89
4294967278,87
4294967278,86
4294967278,85
4294967278,84
4294967278,83
4294967278,82
4294967278,81
4294967278,80
4294967278,79
4294967278,78
4294967278,77
4294967278,76
4294967278,75
4294967278,74
4294967278,73
4294967278,72
4294967278,71
4294967278,70
4294967278,69
4294967278,68
4294967278,67
4294967278,66
4294967278,65
4294967278,64
4294967278,63
4294967278,62
4294967278,61
4294967278,60
4294967278,59
4294967278,58
4294967278,57
4294967278,56
4294967278,55
4294967278,54
4294967278,53
4294967278,52
4294967278,51
4294967278,50
4294967278,49
4294967278,48
4294967278,47
4294967278,46
4294967278,45
4294967278,44
4294967278,43
4294967278,42
4294967278,41
4294967278,40
4294967278,39
4294967278,174
4294967278,88
4294967278,0
4294967278,260
4294967279,174
4294967279,260
4294967279,24
4294967279,22
4294967279,21
4294967279,16
4294967279,14
4294967279,11
4294967279,10
4294967279,9
4294967279,8
4294967279,7
4294967279,6
4294967279,281
4294967279,5
4294967279,4
4294967279,266
4294967294,7
0,5
4294967294,436
4294967279,550
4294967279,549
41,6
41,5
41,4
41,3
41,2
41,1
4294967278,366
4294967279,548
4294967278,365
4294967294,1100
4294967279,547
4294967278,364
4294967279,546
4294967278,363
4294967278,362
4294967278,361
4294967279,545
38,4
38,3
38,2
38,1
37,4
37,3
37,2
37,1
4294967279,544
36,6
36,5
36,4
36,3
36,2
36,1
35,5
4294967279,543
35,4
35,3
35,2
35,1
4294967278,360
4294967279,542
4294967278,359
4294967279,541
4294967278,358
34,5
34,4
34,3
34,2
34,1
4294967279,540
4294967279,539
4294967279,538
33,5
33,4
33,3
33,2
33,1
4294967278,357
32,4
32,3
32,2
32,1
4294967279,537
4294967279,536
4294967278,356
4294967279,535
4294967278,355
4294967279,534
4294967278,354
4294967278,353
4294967279,533
4294967278,352
4294967279,532
4294967278,351
4294967279,531
4294967278,350
4294967279,530
31,4
31,3
31,2
31,1
30,4
30,3
30,2
30,1
29,4
29,3
29,2
29,1
4294967278,349
4294967279,529
4294967278,348
4294967278,347
4294967278,346
28,6
4294967279,528
28,5
28,4
28,3
28,2
28,1
4294967278,345
27,5
27,4
27,3
27,2
27,1
4294967278,344
4294967279,527
4294967279,526
26,5
26,4
26,3
26,2
26,1
4294967278,343
4294967278,342
25,5
25,4
25,3
25,2
25,1
24,4
24,3
24,2
24,1
4294967294,1418
4294967279,525
23,6
4294967279,524
23,5
23,4
23,3
23,2
23,1
4294967278,341
22,5
22,4
22,3
22,2
22,1
4294967279,523
4294967279,522
4294967278,340
4294967279,521
4294967278,339
4294967279,520
4294967278,338
4294967279,519
4294967278,337
21,5
4294967279,518
4294967278,336
4294967279,517
21,4
4294967278,335
21,3
21,2
21,1
4294967278,334
4294967279,516
4294967279,515
4294967279,514
20,5
20,4
